{
 "cells": [
  {
   "cell_type": "markdown",
   "metadata": {},
   "source": [
    "# Text Experiments\n",
    "---\n",
    "[Alejandro Ciuba](https://alejandrociuba.github.io), alejandrociuba@pitt.edu\n",
    "---\n",
    "## Summary\n",
    "\n",
    "Experiments for the text-only sentiment analysis models. We are trying the following models:\n",
    "- [SVC](#svc)\n",
    "- [Logistic Regression with Random Search](#logistic-regression-with-random-search)\n",
    "- [Naive Bayes](#naive-bayes)\n",
    "    - [Multinomial](#multinomial-nb)\n",
    "    - [Complement](#complement-nb)\n",
    "- [One vs. Rest](#one-vs-rest)\n",
    "- [FFNN](#ffnn)\n",
    "- [LSTM](#lstm)\n",
    "\n",
    "For SVC, Logistic Regression, both Naive Bayes and FFNN (which will only accept string inputs and outputs) we will experiment with the following:\n",
    "- Count Vectors\n",
    "- TF-IDF Vectors\n",
    "- Gensim Custom Doc2Vec Vectors\n",
    "\n",
    "For LSTM\n",
    "- Gensim word2vec Vectors via [GoogleNews](https://code.google.com/archive/p/word2vec/)\n",
    "---\n",
    "## Setup\n",
    "### Necessary Imports\n",
    "#### Experiment Class & Metrics"
   ]
  },
  {
   "cell_type": "code",
   "execution_count": 1,
   "metadata": {},
   "outputs": [],
   "source": [
    "from experiment import (Experiment,\n",
    "                        plot_confusion_matrix,\n",
    "                        vectorizer, )\n",
    "\n",
    "from sklearn.metrics import (accuracy_score,\n",
    "                             precision_recall_fscore_support,\n",
    "                             confusion_matrix, )"
   ]
  },
  {
   "cell_type": "markdown",
   "metadata": {},
   "source": [
    "#### Models"
   ]
  },
  {
   "cell_type": "code",
   "execution_count": 2,
   "metadata": {},
   "outputs": [],
   "source": [
    "from neural import (FFNN,\n",
    "                    LSTM, \n",
    "                    Word2VecEmbeddings, )\n",
    "from sklearn.linear_model import LogisticRegression\n",
    "from sklearn.multiclass import OneVsRestClassifier\n",
    "from sklearn.naive_bayes import (MultinomialNB,\n",
    "                                 ComplementNB, )\n",
    "from sklearn.svm import SVC\n",
    "\n",
    "from torch.nn import (Dropout,\n",
    "                      Linear,\n",
    "                      Softmax,\n",
    "                      Tanh,\n",
    "                      ReLU,\n",
    "                      LeakyReLU, )"
   ]
  },
  {
   "cell_type": "markdown",
   "metadata": {},
   "source": [
    "#### Other"
   ]
  },
  {
   "cell_type": "code",
   "execution_count": 3,
   "metadata": {},
   "outputs": [],
   "source": [
    "from collections import OrderedDict\n",
    "from gensim.models.doc2vec import Doc2Vec\n",
    "from gensim.models import KeyedVectors\n",
    "from gensim.utils import simple_preprocess\n",
    "from scipy.stats import uniform\n",
    "from sklearn.feature_extraction.text import (CountVectorizer,\n",
    "                                             TfidfVectorizer, )\n",
    "from sklearn.model_selection import RandomizedSearchCV\n",
    "from torch.optim.lr_scheduler import MultiStepLR\n",
    "from torch.utils.data import WeightedRandomSampler\n",
    "\n",
    "import torch\n",
    "import warnings\n",
    "\n",
    "import matplotlib.pyplot as plt\n",
    "import numpy as np\n",
    "import pandas as pd\n",
    "import seaborn as sns\n"
   ]
  },
  {
   "cell_type": "markdown",
   "metadata": {},
   "source": [
    "### Global Variables & Settings"
   ]
  },
  {
   "cell_type": "code",
   "execution_count": 4,
   "metadata": {},
   "outputs": [
    {
     "name": "stdout",
     "output_type": "stream",
     "text": [
      "Pretty printing has been turned OFF\n"
     ]
    }
   ],
   "source": [
    "# Turn this off\n",
    "%pprint\n",
    "pd.set_option('display.max_columns', None)\n",
    "plt.style.use('ggplot')\n",
    "warnings.filterwarnings('ignore')"
   ]
  },
  {
   "cell_type": "code",
   "execution_count": 5,
   "metadata": {},
   "outputs": [],
   "source": [
    "DATA_PATH = \"../data/final-splits.csv\"\n",
    "DATA = pd.read_csv(DATA_PATH, index_col=False)\n",
    "EMOTIONS = DATA.emotion.unique()\n",
    "\n",
    "SEED = 42\n",
    "\n",
    "METRICS = {\"accuracy\": (accuracy_score, {}),\n",
    "           \"precision_recall_fscore_support\": (precision_recall_fscore_support, {\"average\": \"macro\", \"zero_division\": np.nan}),\n",
    "           \"confusion_matrix\": (confusion_matrix, {\"labels\": EMOTIONS}), }\n",
    "\n",
    "RESULTS = {\"experiment\": [],\n",
    "           \"accuracy\": [],\n",
    "           \"precision\": [],\n",
    "           \"recall\": [],\n",
    "           \"fpr\": [],\n",
    "           \"f1_score\": [], \n",
    "           \"comments\": [], }\n",
    "\n",
    "WTESTS = False  # Include and load word2vec experiments\n",
    "DTESTS = False  # Include and load doc2vec experiments\n",
    "\n",
    "# Only run the experiments listed here; empty means run all\n",
    "\n",
    "targets = [\"FFNN/TFIDFO\"] # \"FFNN/D2VO\", \"FFNN/TFIDFO\", ]\n",
    "def selected(target):\n",
    "    if target in targets or len(targets) == 0:\n",
    "        if (\"D2V\" in target and not DTESTS) or (\"W2V\" in target and not WTESTS):\n",
    "            return False\n",
    "        return True\n",
    "    return False"
   ]
  },
  {
   "cell_type": "markdown",
   "metadata": {},
   "source": [
    "### Optional"
   ]
  },
  {
   "cell_type": "code",
   "execution_count": 6,
   "metadata": {},
   "outputs": [],
   "source": [
    "if WTESTS:\n",
    "\n",
    "    WORD2VEC_PATH = \"../data/word2vec/GoogleNews-vectors-negative300.bin\"\n",
    "    W2V: KeyedVectors = KeyedVectors.load_word2vec_format(WORD2VEC_PATH, binary=True)\n",
    "\n",
    "    # Encode the training data first for future use\n",
    "    EMBS = Word2VecEmbeddings(DATA[DATA['split'] == 'TRAIN']['utterance'].to_list(), W2V)\n",
    "\n",
    "if DTESTS:\n",
    "\n",
    "    DOC2VEC_PATH = \"../data/doc2vec-15-70.bin\"\n",
    "    D2V: Doc2Vec = Doc2Vec.load(DOC2VEC_PATH)"
   ]
  },
  {
   "cell_type": "markdown",
   "metadata": {},
   "source": [
    "### Functions"
   ]
  },
  {
   "cell_type": "code",
   "execution_count": 7,
   "metadata": {},
   "outputs": [],
   "source": [
    "def display_results(metrics, experiment, comments):\n",
    "\n",
    "    print(f\"Accuracy: {metrics['accuracy']:.3f}\")\n",
    "    \n",
    "    prec, recall, f1, _ = metrics['precision_recall_fscore_support']\n",
    "\n",
    "    print(f\"Precision: {prec:.3f}\")\n",
    "    print(f\"Recall: {recall:.3f}\")\n",
    "\n",
    "    conf: np.ndarray = metrics['confusion_matrix']\n",
    "\n",
    "    def calc_fpr(i: int):\n",
    "\n",
    "        tp = conf[i, i]\n",
    "        fp = conf[:, i].sum() - tp\n",
    "        fn = conf[i, :].sum() - tp\n",
    "        tn = conf.sum() - fp - fn - tp\n",
    "\n",
    "        return fp / (fp + tn)\n",
    "\n",
    "    fpr = sum([calc_fpr(i) for i in range(len(EMOTIONS))]) / len(EMOTIONS)\n",
    "\n",
    "    print(f\"FPR: {fpr:.3f}\")\n",
    "    print(f\"F1-Score: {f1:.3f}\")\n",
    "\n",
    "    plot_confusion_matrix(conf, labels=EMOTIONS)\n",
    "\n",
    "    RESULTS['experiment'].append(experiment)\n",
    "    RESULTS['accuracy'].append(metrics['accuracy'])\n",
    "    RESULTS['precision'].append(prec)\n",
    "    RESULTS['recall'].append(recall)\n",
    "    RESULTS['fpr'].append(fpr)\n",
    "    RESULTS['f1_score'].append(f1)\n",
    "    RESULTS['comments'].append(comments)"
   ]
  },
  {
   "cell_type": "code",
   "execution_count": 8,
   "metadata": {},
   "outputs": [],
   "source": [
    "def exp_run(name, model, transforms, list_kwargs = None, comments = \"\", **kwargs):\n",
    "\n",
    "    exp = Experiment(name=name, data=DATA, model=model, comments=comments)\n",
    "\n",
    "    if transforms:\n",
    "        for i, transform in enumerate(transforms):\n",
    "            exp.transform(transform, **(list_kwargs[i] if list_kwargs else {}))\n",
    "\n",
    "    results = exp.full_run(metrics=METRICS, **kwargs)\n",
    "    display_results(results, name, comments)\n",
    "\n",
    "    return exp"
   ]
  },
  {
   "cell_type": "code",
   "execution_count": 9,
   "metadata": {},
   "outputs": [],
   "source": [
    "MAX_FEATS = 5_000\n",
    "def default_vector(name: str, max_features: int=MAX_FEATS):\n",
    "\n",
    "    if name == \"count\":\n",
    "        return CountVectorizer(stop_words=\"english\", max_features=max_features)\n",
    "    elif name == \"tfidf\":\n",
    "        return TfidfVectorizer(stop_words=\"english\", max_features=max_features) "
   ]
  },
  {
   "cell_type": "code",
   "execution_count": 10,
   "metadata": {},
   "outputs": [],
   "source": [
    "def w2v_transform(X, y, subset, out=50):\n",
    "    '''\n",
    "    Also pads to a fixed length\n",
    "    '''\n",
    "    return EMBS.encode(X, out=out), y"
   ]
  },
  {
   "cell_type": "code",
   "execution_count": 11,
   "metadata": {},
   "outputs": [],
   "source": [
    "def d2v_transform(X, y, subset):\n",
    "    return [D2V.infer_vector(simple_preprocess(sent)) for sent in X], y"
   ]
  },
  {
   "cell_type": "markdown",
   "metadata": {},
   "source": [
    "***\n",
    "## SVC"
   ]
  },
  {
   "cell_type": "code",
   "execution_count": 12,
   "metadata": {},
   "outputs": [],
   "source": [
    "EXP1A = \"SVC/COUNT\"\n",
    "\n",
    "if selected(EXP1A):\n",
    "    exp_run(EXP1A, model=SVC(C=1), transforms=[vectorizer], list_kwargs=[{\"vect\": default_vector(\"count\")}])"
   ]
  },
  {
   "cell_type": "code",
   "execution_count": 13,
   "metadata": {},
   "outputs": [],
   "source": [
    "EXP1B = \"SVC/TFIDF\"\n",
    "\n",
    "if selected(EXP1B):\n",
    "    exp_run(EXP1B, model=SVC(C=1), transforms=[vectorizer], list_kwargs=[{\"vect\": default_vector(\"tfidf\")}])"
   ]
  },
  {
   "cell_type": "code",
   "execution_count": 14,
   "metadata": {},
   "outputs": [],
   "source": [
    "EXP1C = \"SVC/D2V\"\n",
    "\n",
    "if selected(EXP1C):\n",
    "    exp_run(EXP1C, model=SVC(C=1), transforms=[d2v_transform])"
   ]
  },
  {
   "cell_type": "markdown",
   "metadata": {},
   "source": [
    "***\n",
    "## Logistic Regression with Random Search"
   ]
  },
  {
   "cell_type": "code",
   "execution_count": 15,
   "metadata": {},
   "outputs": [],
   "source": [
    "EXP2A = \"LOG/COUNT\"\n",
    "\n",
    "if selected(EXP2A):\n",
    "\n",
    "    distribution = {\"C\": uniform(),\n",
    "                    \"penalty\": [\"l1\", \"l2\", \"elasticnet\"],\n",
    "                    \"l1_ratio\": uniform(), }\n",
    "\n",
    "    model = RandomizedSearchCV(estimator=LogisticRegression(solver=\"saga\"), param_distributions=distribution, n_jobs=4, random_state=SEED)\n",
    "\n",
    "    exp = exp_run(EXP2A, model=model, transforms=[vectorizer], list_kwargs=[{\"vect\": default_vector(\"count\")}])\n",
    "    print(exp.model.best_params_)"
   ]
  },
  {
   "cell_type": "code",
   "execution_count": 16,
   "metadata": {},
   "outputs": [],
   "source": [
    "EXP2B = \"LOG/TFIDF\"\n",
    "\n",
    "if selected(EXP2B):\n",
    "\n",
    "    distribution = {\"C\": uniform(),\n",
    "                    \"penalty\": [\"l1\", \"l2\", \"elasticnet\"],\n",
    "                    \"l1_ratio\": uniform(), }\n",
    "    \n",
    "    model = RandomizedSearchCV(estimator=LogisticRegression(solver=\"saga\"), param_distributions=distribution, n_jobs=4, random_state=SEED)\n",
    "\n",
    "    exp = exp_run(EXP2B, model=model, transforms=[vectorizer], list_kwargs=[{\"vect\": default_vector(\"tfidf\")}])\n",
    "    print(exp.model.best_params_)"
   ]
  },
  {
   "cell_type": "code",
   "execution_count": 17,
   "metadata": {},
   "outputs": [],
   "source": [
    "EXP2C = \"LOG/D2V\"\n",
    "\n",
    "if selected(EXP2C):\n",
    "\n",
    "    distribution = {\"C\": uniform(),\n",
    "                    \"penalty\": [\"l1\", \"l2\", \"elasticnet\"],\n",
    "                    \"l1_ratio\": uniform(), }\n",
    "    \n",
    "    model = RandomizedSearchCV(estimator=LogisticRegression(solver=\"saga\"), param_distributions=distribution, n_jobs=4, random_state=SEED)\n",
    "\n",
    "    exp = exp_run(EXP2C, model=model, transforms=[d2v_transform])\n",
    "    print(exp.model.best_params_)"
   ]
  },
  {
   "cell_type": "markdown",
   "metadata": {},
   "source": [
    "***\n",
    "## Naive Bayes\n",
    "### Multinomial NB"
   ]
  },
  {
   "cell_type": "code",
   "execution_count": 18,
   "metadata": {},
   "outputs": [],
   "source": [
    "EXP3A = \"MNB/COUNT\"\n",
    "\n",
    "if selected(EXP3A):\n",
    "    exp_run(EXP3A, model=MultinomialNB(), transforms=[vectorizer], list_kwargs=[{\"vect\": default_vector(\"count\")}])"
   ]
  },
  {
   "cell_type": "code",
   "execution_count": 19,
   "metadata": {},
   "outputs": [],
   "source": [
    "EXP3B = \"MNB/TFIDF\"\n",
    "\n",
    "if selected(EXP3B):\n",
    "    exp_run(EXP3B, model=MultinomialNB(), transforms=[vectorizer], list_kwargs=[{\"vect\": default_vector(\"tfidf\")}])"
   ]
  },
  {
   "cell_type": "markdown",
   "metadata": {},
   "source": [
    "### Complement NB"
   ]
  },
  {
   "cell_type": "code",
   "execution_count": 20,
   "metadata": {},
   "outputs": [],
   "source": [
    "EXP4A = \"COM/COUNT\"\n",
    "\n",
    "if selected(EXP4A):\n",
    "    exp_run(EXP4A, model=ComplementNB(), transforms=[vectorizer], list_kwargs=[{\"vect\": default_vector(\"count\")}])"
   ]
  },
  {
   "cell_type": "code",
   "execution_count": 21,
   "metadata": {},
   "outputs": [],
   "source": [
    "EXP4B = \"COM/TFIDF\"\n",
    "\n",
    "if selected(EXP4B):\n",
    "    exp_run(EXP4B, model=ComplementNB(), transforms=[vectorizer], list_kwargs=[{\"vect\": default_vector(\"tfidf\")}])"
   ]
  },
  {
   "cell_type": "markdown",
   "metadata": {},
   "source": [
    "***\n",
    "## One Vs. Rest\n",
    "\n",
    "For this, we will only run the best of the non-NN models."
   ]
  },
  {
   "cell_type": "code",
   "execution_count": 22,
   "metadata": {},
   "outputs": [],
   "source": [
    "EXP5A = \"ONE\"\n",
    "\n",
    "if selected(EXP5A):\n",
    "    exp_run(EXP5A, model=OneVsRestClassifier(MultinomialNB()), transforms=[vectorizer], list_kwargs=[{\"vect\": default_vector(\"count\")}])"
   ]
  },
  {
   "cell_type": "markdown",
   "metadata": {},
   "source": [
    "***\n",
    "## FFNN"
   ]
  },
  {
   "cell_type": "code",
   "execution_count": 23,
   "metadata": {},
   "outputs": [],
   "source": [
    "def plot_loss(loss_record):\n",
    "\n",
    "    df = pd.DataFrame(loss_record)\n",
    "    df['training'] = df['epoch'] + df['step']\n",
    "    sns.lineplot(data=df, x='training', y='loss')"
   ]
  },
  {
   "cell_type": "code",
   "execution_count": 24,
   "metadata": {},
   "outputs": [
    {
     "name": "stdout",
     "output_type": "stream",
     "text": [
      "{'something else': 0, 'contentment': 1, 'excitement-amusement': 2, 'fear': 3, 'awe': 4, 'sadness': 5, 'disgust-anger': 6}\n",
      "{0: 'something else', 1: 'contentment', 2: 'excitement-amusement', 3: 'fear', 4: 'awe', 5: 'sadness', 6: 'disgust-anger'}\n"
     ]
    }
   ],
   "source": [
    "CAT_TO_ID = {cat: i for i, cat in enumerate(DATA[\"emotion\"].unique())}\n",
    "ID_TO_CAT = {CAT_TO_ID[cat]: cat for cat in CAT_TO_ID}\n",
    "\n",
    "def cat_transform(X, y, subset):\n",
    "    zeroes = np.zeros((len(y), len(CAT_TO_ID)), dtype=np.float32)\n",
    "    zeroes[np.array([range(len(y))]), np.array([CAT_TO_ID[cat] for cat in y])] = 1\n",
    "    return X, zeroes\n",
    "\n",
    "def to_emotions(y_true: np.ndarray, y_pred):\n",
    "    return [ID_TO_CAT[i] for i in y_true.argmax(axis=1)], [ID_TO_CAT[i] for i in y_pred]\n",
    "\n",
    "print(CAT_TO_ID)\n",
    "print(ID_TO_CAT)"
   ]
  },
  {
   "cell_type": "code",
   "execution_count": 25,
   "metadata": {},
   "outputs": [
    {
     "name": "stdout",
     "output_type": "stream",
     "text": [
      "['something else', 'contentment', 'excitement-amusement', 'fear', 'awe', 'sadness', 'disgust-anger']\n"
     ]
    }
   ],
   "source": [
    "# Sanity Check\n",
    "test = list(CAT_TO_ID.keys())\n",
    "print(test)\n",
    "assert torch.equal(torch.eye(len(test), dtype=torch.float32), torch.from_numpy(cat_transform(None, test, \"\")[1]))"
   ]
  },
  {
   "cell_type": "code",
   "execution_count": 26,
   "metadata": {},
   "outputs": [],
   "source": [
    "numpy_transform = lambda X, y, subset: (np.array(X).astype(np.float32), y)\n",
    "scipy_transform = lambda X, y, subset: (X.toarray().astype(np.float32), y)"
   ]
  },
  {
   "cell_type": "code",
   "execution_count": 27,
   "metadata": {},
   "outputs": [],
   "source": [
    "weights = [0,0,0,0,0,0,0]\n",
    "for k in CAT_TO_ID:\n",
    "    weights[CAT_TO_ID[k]] = 1 / DATA[DATA['split'] == 'TRAIN'].emotion.value_counts()[k]**0.5"
   ]
  },
  {
   "cell_type": "code",
   "execution_count": 28,
   "metadata": {},
   "outputs": [],
   "source": [
    "# Sanity check\n",
    "assert sorted(weights, reverse=True) == \\\n",
    "(1 / DATA[DATA['split'] == 'TRAIN'].emotion.value_counts()**0.5) \\\n",
    ".sort_values(ascending=False).to_list()"
   ]
  },
  {
   "cell_type": "code",
   "execution_count": 37,
   "metadata": {},
   "outputs": [],
   "source": [
    "# The model for all FFNN experiments\n",
    "steps_tfidf = [Linear(500, 250), \n",
    "               ReLU(),\n",
    "               Dropout(p=0.25),\n",
    "               Linear(250, 7), ]\n",
    "            #    ReLU(),\n",
    "            #    Dropout(p=0.2),\n",
    "            #    Linear(150, 50),\n",
    "            #    ReLU(),\n",
    "            #    Dropout(p=0.2),\n",
    "            #    Linear(50, 15),\n",
    "            #    ReLU(),\n",
    "            #    Dropout(p=0.2),\n",
    "            #    Linear(15, 7)]\n",
    "\n",
    "steps_d2v = [Linear(15, 15),\n",
    "             Dropout(p=0.2),\n",
    "             Softmax(),\n",
    "             Dropout(p=0.2),\n",
    "             Linear(15, 7), ]\n",
    "\n",
    "sampler = WeightedRandomSampler(weights,\n",
    "                                len(DATA[DATA['split'] == \"TRAIN\"]),\n",
    "                                replacement=True)\n",
    "\n",
    "config = {\"steps\": None,\n",
    "          \"lr\": 1E-7,\n",
    "          \"epochs\": 10,\n",
    "          \"batch_size\": 4,\n",
    "          \"binary\": False, \n",
    "          \"sampler\": None, }"
   ]
  },
  {
   "cell_type": "code",
   "execution_count": 30,
   "metadata": {},
   "outputs": [],
   "source": [
    "EXP6A = \"FFNN/D2V\"\n",
    "\n",
    "if selected(EXP6A):\n",
    "\n",
    "    config['steps'] = steps_d2v\n",
    "\n",
    "    exp = exp_run(EXP6A, model=FFNN(**config), \n",
    "                  transforms=[d2v_transform, cat_transform, numpy_transform], \n",
    "                  verbose=False, post=to_emotions)\n",
    "    plot_loss(exp.model.loss_record)"
   ]
  },
  {
   "cell_type": "code",
   "execution_count": 31,
   "metadata": {},
   "outputs": [],
   "source": [
    "EXP6B = \"FFNN/D2VO\"\n",
    "\n",
    "if selected(EXP6B):\n",
    "\n",
    "    config['steps'] = steps_d2v\n",
    "\n",
    "    exp = exp_run(EXP6B, model=FFNN(**config), transforms=[d2v_transform, cat_transform, numpy_transform], verbose=False, post=to_emotions)\n",
    "    plot_loss(exp.model.loss_record)"
   ]
  },
  {
   "cell_type": "code",
   "execution_count": 38,
   "metadata": {},
   "outputs": [
    {
     "name": "stdout",
     "output_type": "stream",
     "text": [
      "\n",
      "tensor([[0.1515, 0.1441, 0.1369, 0.1382, 0.1481, 0.1486, 0.1326],\n",
      "        [0.1523, 0.1448, 0.1371, 0.1391, 0.1467, 0.1471, 0.1329],\n",
      "        [0.1537, 0.1448, 0.1348, 0.1384, 0.1426, 0.1497, 0.1360],\n",
      "        [0.1507, 0.1448, 0.1390, 0.1374, 0.1445, 0.1518, 0.1318]])\n",
      "tensor([0, 0, 0, 5])\n",
      "\n",
      "tensor([[0.1545, 0.1444, 0.1346, 0.1398, 0.1471, 0.1496, 0.1300],\n",
      "        [0.1488, 0.1426, 0.1378, 0.1398, 0.1452, 0.1488, 0.1370],\n",
      "        [0.1525, 0.1457, 0.1363, 0.1412, 0.1447, 0.1451, 0.1345],\n",
      "        [0.1518, 0.1410, 0.1386, 0.1407, 0.1446, 0.1490, 0.1342]])\n",
      "tensor([0, 5, 0, 0])\n",
      "\n",
      "tensor([[0.1514, 0.1441, 0.1362, 0.1406, 0.1438, 0.1487, 0.1352],\n",
      "        [0.1488, 0.1479, 0.1357, 0.1380, 0.1453, 0.1486, 0.1356],\n",
      "        [0.1498, 0.1443, 0.1377, 0.1418, 0.1441, 0.1497, 0.1327],\n",
      "        [0.1541, 0.1411, 0.1377, 0.1375, 0.1471, 0.1492, 0.1332]])\n",
      "tensor([0, 0, 0, 0])\n",
      "\n",
      "tensor([[0.1498, 0.1439, 0.1389, 0.1386, 0.1466, 0.1493, 0.1330],\n",
      "        [0.1518, 0.1478, 0.1361, 0.1388, 0.1443, 0.1471, 0.1341],\n",
      "        [0.1520, 0.1464, 0.1359, 0.1430, 0.1457, 0.1455, 0.1315],\n",
      "        [0.1529, 0.1449, 0.1369, 0.1389, 0.1437, 0.1469, 0.1357]])\n",
      "tensor([0, 0, 0, 0])\n",
      "\n",
      "tensor([[0.1526, 0.1431, 0.1388, 0.1363, 0.1482, 0.1462, 0.1347],\n",
      "        [0.1520, 0.1424, 0.1375, 0.1407, 0.1422, 0.1507, 0.1345],\n",
      "        [0.1526, 0.1438, 0.1378, 0.1401, 0.1453, 0.1477, 0.1327],\n",
      "        [0.1498, 0.1431, 0.1388, 0.1432, 0.1437, 0.1486, 0.1329]])\n",
      "tensor([0, 0, 0, 0])\n",
      "\n",
      "tensor([[0.1501, 0.1415, 0.1388, 0.1393, 0.1434, 0.1518, 0.1352],\n",
      "        [0.1516, 0.1428, 0.1369, 0.1378, 0.1483, 0.1494, 0.1332],\n",
      "        [0.1522, 0.1418, 0.1387, 0.1386, 0.1445, 0.1510, 0.1332],\n",
      "        [0.1482, 0.1467, 0.1359, 0.1394, 0.1491, 0.1474, 0.1332]])\n",
      "tensor([5, 0, 0, 4])\n",
      "\n",
      "tensor([[0.1513, 0.1432, 0.1399, 0.1417, 0.1438, 0.1472, 0.1329],\n",
      "        [0.1517, 0.1432, 0.1364, 0.1388, 0.1444, 0.1484, 0.1370],\n",
      "        [0.1518, 0.1432, 0.1384, 0.1379, 0.1469, 0.1488, 0.1330],\n",
      "        [0.1497, 0.1471, 0.1337, 0.1385, 0.1479, 0.1497, 0.1334]])\n",
      "tensor([0, 0, 0, 5])\n",
      "\n",
      "tensor([[0.1539, 0.1410, 0.1373, 0.1370, 0.1455, 0.1497, 0.1356],\n",
      "        [0.1533, 0.1447, 0.1352, 0.1409, 0.1456, 0.1477, 0.1326],\n",
      "        [0.1524, 0.1465, 0.1367, 0.1386, 0.1462, 0.1484, 0.1311],\n",
      "        [0.1491, 0.1444, 0.1370, 0.1408, 0.1461, 0.1492, 0.1334]])\n",
      "tensor([0, 0, 0, 5])\n",
      "\n",
      "tensor([[0.1531, 0.1401, 0.1386, 0.1383, 0.1460, 0.1473, 0.1367],\n",
      "        [0.1576, 0.1438, 0.1327, 0.1387, 0.1458, 0.1475, 0.1340],\n",
      "        [0.1510, 0.1425, 0.1406, 0.1398, 0.1431, 0.1475, 0.1356],\n",
      "        [0.1520, 0.1443, 0.1389, 0.1374, 0.1445, 0.1479, 0.1351]])\n",
      "tensor([0, 0, 0, 0])\n",
      "\n",
      "tensor([[0.1524, 0.1429, 0.1374, 0.1403, 0.1424, 0.1477, 0.1370],\n",
      "        [0.1537, 0.1423, 0.1362, 0.1393, 0.1459, 0.1520, 0.1306],\n",
      "        [0.1531, 0.1428, 0.1397, 0.1410, 0.1436, 0.1463, 0.1334],\n",
      "        [0.1507, 0.1457, 0.1381, 0.1382, 0.1486, 0.1450, 0.1336]])\n",
      "tensor([0, 0, 0, 0])\n",
      "\n",
      "tensor([[0.1532, 0.1420, 0.1356, 0.1384, 0.1497, 0.1503, 0.1310],\n",
      "        [0.1546, 0.1415, 0.1399, 0.1400, 0.1447, 0.1468, 0.1325],\n",
      "        [0.1531, 0.1429, 0.1394, 0.1357, 0.1462, 0.1477, 0.1351],\n",
      "        [0.1537, 0.1419, 0.1387, 0.1388, 0.1443, 0.1505, 0.1321]])\n",
      "tensor([0, 0, 0, 0])\n",
      "\n",
      "tensor([[0.1525, 0.1449, 0.1373, 0.1402, 0.1447, 0.1451, 0.1353],\n",
      "        [0.1495, 0.1413, 0.1429, 0.1393, 0.1423, 0.1487, 0.1360],\n",
      "        [0.1498, 0.1446, 0.1384, 0.1390, 0.1458, 0.1472, 0.1352],\n",
      "        [0.1531, 0.1450, 0.1362, 0.1408, 0.1441, 0.1479, 0.1331]])\n",
      "tensor([0, 0, 0, 0])\n",
      "\n",
      "tensor([[0.1530, 0.1435, 0.1362, 0.1395, 0.1444, 0.1498, 0.1337],\n",
      "        [0.1525, 0.1445, 0.1360, 0.1373, 0.1466, 0.1504, 0.1327],\n",
      "        [0.1537, 0.1438, 0.1369, 0.1354, 0.1460, 0.1497, 0.1344],\n",
      "        [0.1527, 0.1434, 0.1374, 0.1400, 0.1484, 0.1447, 0.1334]])\n",
      "tensor([0, 0, 0, 0])\n",
      "\n",
      "tensor([[0.1503, 0.1469, 0.1351, 0.1379, 0.1449, 0.1466, 0.1382],\n",
      "        [0.1556, 0.1429, 0.1370, 0.1379, 0.1437, 0.1469, 0.1360],\n",
      "        [0.1478, 0.1427, 0.1375, 0.1399, 0.1418, 0.1528, 0.1376],\n",
      "        [0.1535, 0.1401, 0.1382, 0.1377, 0.1463, 0.1500, 0.1343]])\n",
      "tensor([0, 0, 5, 0])\n",
      "\n",
      "tensor([[0.1490, 0.1437, 0.1382, 0.1420, 0.1435, 0.1508, 0.1328],\n",
      "        [0.1502, 0.1421, 0.1420, 0.1388, 0.1460, 0.1466, 0.1342],\n",
      "        [0.1506, 0.1442, 0.1401, 0.1399, 0.1467, 0.1474, 0.1311],\n",
      "        [0.1503, 0.1438, 0.1399, 0.1386, 0.1442, 0.1505, 0.1327]])\n",
      "tensor([5, 0, 0, 5])\n",
      "\n",
      "tensor([[0.1519, 0.1474, 0.1360, 0.1370, 0.1437, 0.1505, 0.1334],\n",
      "        [0.1558, 0.1418, 0.1356, 0.1400, 0.1477, 0.1460, 0.1331],\n",
      "        [0.1516, 0.1421, 0.1376, 0.1393, 0.1471, 0.1488, 0.1335],\n",
      "        [0.1508, 0.1423, 0.1392, 0.1397, 0.1444, 0.1490, 0.1346]])\n",
      "tensor([0, 0, 0, 0])\n",
      "\n",
      "tensor([[0.1508, 0.1448, 0.1397, 0.1376, 0.1420, 0.1491, 0.1361],\n",
      "        [0.1515, 0.1430, 0.1397, 0.1389, 0.1458, 0.1506, 0.1305],\n",
      "        [0.1520, 0.1450, 0.1374, 0.1425, 0.1452, 0.1454, 0.1325],\n",
      "        [0.1549, 0.1421, 0.1339, 0.1421, 0.1484, 0.1458, 0.1328]])\n",
      "tensor([0, 0, 0, 0])\n",
      "\n",
      "tensor([[0.1503, 0.1455, 0.1362, 0.1379, 0.1451, 0.1504, 0.1346],\n",
      "        [0.1516, 0.1423, 0.1392, 0.1370, 0.1474, 0.1478, 0.1346],\n",
      "        [0.1497, 0.1443, 0.1406, 0.1403, 0.1449, 0.1479, 0.1323],\n",
      "        [0.1514, 0.1479, 0.1374, 0.1366, 0.1444, 0.1481, 0.1342]])\n",
      "tensor([5, 0, 0, 0])\n",
      "\n",
      "tensor([[0.1526, 0.1440, 0.1369, 0.1366, 0.1474, 0.1496, 0.1328],\n",
      "        [0.1524, 0.1456, 0.1376, 0.1385, 0.1440, 0.1492, 0.1328],\n",
      "        [0.1490, 0.1444, 0.1373, 0.1397, 0.1486, 0.1472, 0.1337],\n",
      "        [0.1498, 0.1426, 0.1383, 0.1389, 0.1476, 0.1493, 0.1336]])\n",
      "tensor([0, 0, 0, 0])\n",
      "\n",
      "tensor([[0.1516, 0.1438, 0.1402, 0.1379, 0.1439, 0.1495, 0.1330],\n",
      "        [0.1519, 0.1450, 0.1379, 0.1356, 0.1449, 0.1496, 0.1351],\n",
      "        [0.1553, 0.1431, 0.1375, 0.1384, 0.1462, 0.1460, 0.1335],\n",
      "        [0.1529, 0.1423, 0.1389, 0.1396, 0.1435, 0.1481, 0.1347]])\n",
      "tensor([0, 0, 0, 0])\n",
      "\n",
      "tensor([[0.1500, 0.1432, 0.1362, 0.1390, 0.1446, 0.1500, 0.1369],\n",
      "        [0.1504, 0.1418, 0.1389, 0.1420, 0.1494, 0.1475, 0.1300],\n",
      "        [0.1511, 0.1435, 0.1364, 0.1413, 0.1442, 0.1473, 0.1362],\n",
      "        [0.1513, 0.1444, 0.1358, 0.1384, 0.1470, 0.1490, 0.1341]])\n",
      "tensor([0, 0, 0, 0])\n",
      "\n",
      "tensor([[0.1499, 0.1428, 0.1392, 0.1411, 0.1456, 0.1467, 0.1348],\n",
      "        [0.1519, 0.1433, 0.1380, 0.1391, 0.1421, 0.1510, 0.1347],\n",
      "        [0.1523, 0.1413, 0.1401, 0.1399, 0.1453, 0.1482, 0.1329],\n",
      "        [0.1527, 0.1406, 0.1383, 0.1376, 0.1456, 0.1510, 0.1342]])\n",
      "tensor([0, 0, 0, 0])\n",
      "\n",
      "tensor([[0.1535, 0.1405, 0.1405, 0.1397, 0.1450, 0.1481, 0.1327],\n",
      "        [0.1535, 0.1437, 0.1344, 0.1422, 0.1446, 0.1484, 0.1332],\n",
      "        [0.1514, 0.1434, 0.1394, 0.1381, 0.1450, 0.1490, 0.1336],\n",
      "        [0.1563, 0.1441, 0.1358, 0.1390, 0.1450, 0.1464, 0.1334]])\n",
      "tensor([0, 0, 0, 0])\n",
      "\n",
      "tensor([[0.1502, 0.1466, 0.1364, 0.1403, 0.1449, 0.1484, 0.1331],\n",
      "        [0.1535, 0.1395, 0.1391, 0.1411, 0.1444, 0.1480, 0.1345],\n",
      "        [0.1505, 0.1430, 0.1371, 0.1395, 0.1467, 0.1497, 0.1335],\n",
      "        [0.1527, 0.1437, 0.1348, 0.1387, 0.1476, 0.1480, 0.1344]])\n",
      "tensor([0, 0, 0, 0])\n",
      "\n",
      "tensor([[0.1520, 0.1437, 0.1383, 0.1365, 0.1441, 0.1497, 0.1357],\n",
      "        [0.1514, 0.1423, 0.1383, 0.1406, 0.1473, 0.1481, 0.1320],\n",
      "        [0.1546, 0.1423, 0.1379, 0.1383, 0.1459, 0.1453, 0.1358],\n",
      "        [0.1492, 0.1433, 0.1398, 0.1431, 0.1453, 0.1467, 0.1325]])\n",
      "tensor([0, 0, 0, 0])\n",
      "\n",
      "tensor([[0.1530, 0.1432, 0.1363, 0.1384, 0.1453, 0.1489, 0.1351],\n",
      "        [0.1491, 0.1443, 0.1364, 0.1411, 0.1446, 0.1485, 0.1360],\n",
      "        [0.1542, 0.1412, 0.1382, 0.1425, 0.1479, 0.1450, 0.1310],\n",
      "        [0.1506, 0.1431, 0.1358, 0.1386, 0.1457, 0.1508, 0.1353]])\n",
      "tensor([0, 0, 0, 5])\n",
      "\n",
      "tensor([[0.1528, 0.1441, 0.1383, 0.1394, 0.1477, 0.1456, 0.1322],\n",
      "        [0.1500, 0.1465, 0.1373, 0.1419, 0.1454, 0.1482, 0.1306],\n",
      "        [0.1554, 0.1402, 0.1375, 0.1398, 0.1440, 0.1488, 0.1343],\n",
      "        [0.1530, 0.1451, 0.1365, 0.1390, 0.1457, 0.1484, 0.1322]])\n",
      "tensor([0, 0, 0, 0])\n",
      "\n",
      "tensor([[0.1501, 0.1427, 0.1404, 0.1396, 0.1461, 0.1483, 0.1327],\n",
      "        [0.1517, 0.1421, 0.1399, 0.1416, 0.1444, 0.1468, 0.1335],\n",
      "        [0.1495, 0.1425, 0.1351, 0.1421, 0.1473, 0.1494, 0.1341],\n",
      "        [0.1529, 0.1442, 0.1364, 0.1391, 0.1456, 0.1482, 0.1336]])\n",
      "tensor([0, 0, 0, 0])\n",
      "\n",
      "tensor([[0.1517, 0.1461, 0.1349, 0.1385, 0.1460, 0.1497, 0.1332],\n",
      "        [0.1528, 0.1452, 0.1385, 0.1403, 0.1433, 0.1478, 0.1321],\n",
      "        [0.1528, 0.1454, 0.1350, 0.1389, 0.1441, 0.1489, 0.1349],\n",
      "        [0.1523, 0.1384, 0.1357, 0.1429, 0.1462, 0.1505, 0.1340]])\n",
      "tensor([0, 0, 0, 0])\n",
      "\n",
      "tensor([[0.1543, 0.1403, 0.1404, 0.1384, 0.1438, 0.1490, 0.1337],\n",
      "        [0.1532, 0.1418, 0.1393, 0.1379, 0.1444, 0.1494, 0.1340],\n",
      "        [0.1526, 0.1400, 0.1386, 0.1388, 0.1431, 0.1507, 0.1363],\n",
      "        [0.1540, 0.1445, 0.1369, 0.1376, 0.1466, 0.1469, 0.1334]])\n",
      "tensor([0, 0, 0, 0])\n",
      "\n",
      "tensor([[0.1515, 0.1438, 0.1370, 0.1390, 0.1444, 0.1496, 0.1347],\n",
      "        [0.1532, 0.1451, 0.1397, 0.1377, 0.1469, 0.1451, 0.1323],\n",
      "        [0.1508, 0.1408, 0.1389, 0.1413, 0.1450, 0.1480, 0.1352],\n",
      "        [0.1505, 0.1450, 0.1378, 0.1373, 0.1474, 0.1496, 0.1324]])\n",
      "tensor([0, 0, 0, 0])\n",
      "\n",
      "tensor([[0.1507, 0.1440, 0.1350, 0.1422, 0.1452, 0.1496, 0.1334],\n",
      "        [0.1528, 0.1418, 0.1377, 0.1400, 0.1425, 0.1503, 0.1350],\n",
      "        [0.1504, 0.1442, 0.1372, 0.1378, 0.1458, 0.1484, 0.1362],\n",
      "        [0.1527, 0.1416, 0.1363, 0.1387, 0.1490, 0.1479, 0.1338]])\n",
      "tensor([0, 0, 0, 0])\n",
      "\n",
      "tensor([[0.1515, 0.1443, 0.1385, 0.1367, 0.1469, 0.1476, 0.1345],\n",
      "        [0.1525, 0.1430, 0.1379, 0.1408, 0.1464, 0.1477, 0.1317],\n",
      "        [0.1541, 0.1426, 0.1351, 0.1393, 0.1468, 0.1464, 0.1356],\n",
      "        [0.1514, 0.1400, 0.1407, 0.1411, 0.1444, 0.1490, 0.1333]])\n",
      "tensor([0, 0, 0, 0])\n",
      "\n",
      "tensor([[0.1514, 0.1465, 0.1364, 0.1415, 0.1454, 0.1467, 0.1321],\n",
      "        [0.1502, 0.1457, 0.1381, 0.1382, 0.1448, 0.1484, 0.1346],\n",
      "        [0.1500, 0.1460, 0.1379, 0.1394, 0.1479, 0.1474, 0.1314],\n",
      "        [0.1516, 0.1460, 0.1372, 0.1388, 0.1413, 0.1494, 0.1357]])\n",
      "tensor([0, 0, 0, 0])\n",
      "\n",
      "tensor([[0.1528, 0.1428, 0.1355, 0.1416, 0.1443, 0.1485, 0.1345],\n",
      "        [0.1540, 0.1418, 0.1385, 0.1386, 0.1434, 0.1497, 0.1341],\n",
      "        [0.1517, 0.1432, 0.1386, 0.1371, 0.1462, 0.1499, 0.1333],\n",
      "        [0.1535, 0.1420, 0.1368, 0.1408, 0.1451, 0.1477, 0.1341]])\n",
      "tensor([0, 0, 0, 0])\n",
      "\n",
      "tensor([[0.1495, 0.1440, 0.1354, 0.1407, 0.1464, 0.1493, 0.1347],\n",
      "        [0.1514, 0.1420, 0.1388, 0.1402, 0.1465, 0.1480, 0.1332],\n",
      "        [0.1522, 0.1448, 0.1365, 0.1394, 0.1452, 0.1482, 0.1337],\n",
      "        [0.1521, 0.1435, 0.1380, 0.1418, 0.1426, 0.1477, 0.1343]])\n",
      "tensor([0, 0, 0, 0])\n",
      "\n",
      "tensor([[0.1523, 0.1478, 0.1388, 0.1388, 0.1427, 0.1450, 0.1346],\n",
      "        [0.1521, 0.1419, 0.1418, 0.1394, 0.1460, 0.1470, 0.1318],\n",
      "        [0.1517, 0.1428, 0.1367, 0.1379, 0.1457, 0.1510, 0.1343],\n",
      "        [0.1491, 0.1445, 0.1370, 0.1390, 0.1443, 0.1504, 0.1357]])\n",
      "tensor([0, 0, 0, 5])\n",
      "\n",
      "tensor([[0.1507, 0.1452, 0.1383, 0.1397, 0.1450, 0.1469, 0.1343],\n",
      "        [0.1504, 0.1433, 0.1392, 0.1369, 0.1479, 0.1484, 0.1339],\n",
      "        [0.1527, 0.1456, 0.1365, 0.1389, 0.1455, 0.1484, 0.1324],\n",
      "        [0.1512, 0.1454, 0.1381, 0.1390, 0.1469, 0.1463, 0.1330]])\n",
      "tensor([0, 0, 0, 0])\n",
      "\n",
      "tensor([[0.1510, 0.1408, 0.1397, 0.1396, 0.1448, 0.1508, 0.1333],\n",
      "        [0.1532, 0.1420, 0.1402, 0.1370, 0.1442, 0.1515, 0.1320],\n",
      "        [0.1534, 0.1441, 0.1383, 0.1397, 0.1451, 0.1465, 0.1329],\n",
      "        [0.1519, 0.1442, 0.1359, 0.1409, 0.1462, 0.1456, 0.1352]])\n",
      "tensor([0, 0, 0, 0])\n",
      "\n",
      "tensor([[0.1499, 0.1456, 0.1367, 0.1390, 0.1467, 0.1463, 0.1358],\n",
      "        [0.1517, 0.1429, 0.1349, 0.1420, 0.1458, 0.1473, 0.1353],\n",
      "        [0.1501, 0.1455, 0.1380, 0.1407, 0.1424, 0.1481, 0.1352],\n",
      "        [0.1519, 0.1433, 0.1402, 0.1366, 0.1464, 0.1479, 0.1336]])\n",
      "tensor([0, 0, 0, 0])\n",
      "\n",
      "tensor([[0.1521, 0.1432, 0.1365, 0.1406, 0.1489, 0.1476, 0.1310],\n",
      "        [0.1506, 0.1434, 0.1380, 0.1391, 0.1470, 0.1466, 0.1352],\n",
      "        [0.1528, 0.1423, 0.1355, 0.1408, 0.1450, 0.1494, 0.1342],\n",
      "        [0.1521, 0.1446, 0.1363, 0.1395, 0.1441, 0.1477, 0.1357]])\n",
      "tensor([0, 0, 0, 0])\n",
      "\n",
      "tensor([[0.1496, 0.1432, 0.1394, 0.1406, 0.1448, 0.1488, 0.1337],\n",
      "        [0.1517, 0.1419, 0.1376, 0.1402, 0.1458, 0.1483, 0.1345],\n",
      "        [0.1508, 0.1448, 0.1409, 0.1385, 0.1449, 0.1471, 0.1329],\n",
      "        [0.1551, 0.1428, 0.1377, 0.1408, 0.1450, 0.1459, 0.1327]])\n",
      "tensor([0, 0, 0, 0])\n",
      "\n",
      "tensor([[0.1530, 0.1407, 0.1405, 0.1373, 0.1455, 0.1480, 0.1351],\n",
      "        [0.1516, 0.1409, 0.1357, 0.1424, 0.1467, 0.1480, 0.1346],\n",
      "        [0.1496, 0.1441, 0.1395, 0.1404, 0.1438, 0.1494, 0.1332],\n",
      "        [0.1512, 0.1420, 0.1393, 0.1407, 0.1425, 0.1500, 0.1344]])\n",
      "tensor([0, 0, 0, 0])\n",
      "\n",
      "tensor([[0.1509, 0.1429, 0.1383, 0.1392, 0.1483, 0.1462, 0.1344],\n",
      "        [0.1516, 0.1434, 0.1374, 0.1422, 0.1477, 0.1466, 0.1311],\n",
      "        [0.1485, 0.1415, 0.1387, 0.1409, 0.1467, 0.1483, 0.1354],\n",
      "        [0.1532, 0.1465, 0.1366, 0.1385, 0.1443, 0.1477, 0.1331]])\n",
      "tensor([0, 0, 0, 0])\n",
      "\n",
      "tensor([[0.1522, 0.1422, 0.1398, 0.1384, 0.1459, 0.1492, 0.1323],\n",
      "        [0.1527, 0.1430, 0.1376, 0.1397, 0.1455, 0.1469, 0.1346],\n",
      "        [0.1527, 0.1448, 0.1375, 0.1391, 0.1443, 0.1490, 0.1326],\n",
      "        [0.1520, 0.1435, 0.1377, 0.1358, 0.1443, 0.1520, 0.1347]])\n",
      "tensor([0, 0, 0, 5])\n",
      "\n",
      "tensor([[0.1521, 0.1438, 0.1379, 0.1387, 0.1465, 0.1477, 0.1333],\n",
      "        [0.1523, 0.1434, 0.1365, 0.1401, 0.1445, 0.1505, 0.1328],\n",
      "        [0.1493, 0.1429, 0.1385, 0.1398, 0.1485, 0.1488, 0.1322],\n",
      "        [0.1498, 0.1417, 0.1370, 0.1418, 0.1439, 0.1501, 0.1357]])\n",
      "tensor([0, 0, 0, 5])\n",
      "\n",
      "tensor([[0.1508, 0.1460, 0.1352, 0.1413, 0.1486, 0.1462, 0.1319],\n",
      "        [0.1479, 0.1444, 0.1398, 0.1383, 0.1466, 0.1509, 0.1320],\n",
      "        [0.1507, 0.1441, 0.1379, 0.1396, 0.1444, 0.1489, 0.1343],\n",
      "        [0.1525, 0.1420, 0.1391, 0.1390, 0.1456, 0.1499, 0.1319]])\n",
      "tensor([0, 5, 0, 0])\n",
      "\n",
      "tensor([[0.1500, 0.1435, 0.1427, 0.1397, 0.1436, 0.1471, 0.1335],\n",
      "        [0.1507, 0.1435, 0.1393, 0.1393, 0.1442, 0.1485, 0.1345],\n",
      "        [0.1513, 0.1424, 0.1403, 0.1392, 0.1454, 0.1485, 0.1330],\n",
      "        [0.1500, 0.1451, 0.1373, 0.1373, 0.1469, 0.1487, 0.1346]])\n",
      "tensor([0, 0, 0, 0])\n",
      "\n",
      "tensor([[0.1518, 0.1411, 0.1390, 0.1388, 0.1475, 0.1467, 0.1350],\n",
      "        [0.1501, 0.1421, 0.1414, 0.1386, 0.1449, 0.1481, 0.1349],\n",
      "        [0.1524, 0.1419, 0.1375, 0.1395, 0.1481, 0.1478, 0.1327],\n",
      "        [0.1539, 0.1431, 0.1355, 0.1363, 0.1490, 0.1485, 0.1338]])\n",
      "tensor([0, 0, 0, 0])\n",
      "\n",
      "tensor([[0.1492, 0.1491, 0.1375, 0.1378, 0.1447, 0.1507, 0.1309],\n",
      "        [0.1526, 0.1445, 0.1380, 0.1392, 0.1448, 0.1485, 0.1324],\n",
      "        [0.1544, 0.1429, 0.1389, 0.1378, 0.1464, 0.1452, 0.1343],\n",
      "        [0.1532, 0.1438, 0.1371, 0.1392, 0.1489, 0.1449, 0.1328]])\n",
      "tensor([5, 0, 0, 0])\n",
      "\n",
      "tensor([[0.1521, 0.1453, 0.1352, 0.1401, 0.1451, 0.1489, 0.1332],\n",
      "        [0.1489, 0.1430, 0.1376, 0.1375, 0.1474, 0.1540, 0.1315],\n",
      "        [0.1498, 0.1463, 0.1387, 0.1404, 0.1452, 0.1454, 0.1342],\n",
      "        [0.1524, 0.1425, 0.1383, 0.1390, 0.1456, 0.1463, 0.1360]])\n",
      "tensor([0, 5, 0, 0])\n",
      "\n",
      "tensor([[0.1535, 0.1421, 0.1375, 0.1368, 0.1484, 0.1488, 0.1329],\n",
      "        [0.1533, 0.1428, 0.1377, 0.1397, 0.1472, 0.1465, 0.1327],\n",
      "        [0.1485, 0.1440, 0.1347, 0.1401, 0.1495, 0.1492, 0.1341],\n",
      "        [0.1508, 0.1410, 0.1392, 0.1402, 0.1463, 0.1495, 0.1329]])\n",
      "tensor([0, 0, 4, 0])\n",
      "\n",
      "tensor([[0.1536, 0.1453, 0.1348, 0.1400, 0.1460, 0.1466, 0.1338],\n",
      "        [0.1523, 0.1430, 0.1368, 0.1415, 0.1440, 0.1503, 0.1321],\n",
      "        [0.1527, 0.1419, 0.1382, 0.1425, 0.1458, 0.1463, 0.1327],\n",
      "        [0.1518, 0.1450, 0.1376, 0.1392, 0.1458, 0.1492, 0.1314]])\n",
      "tensor([0, 0, 0, 0])\n",
      "\n",
      "tensor([[0.1548, 0.1438, 0.1368, 0.1378, 0.1458, 0.1472, 0.1338],\n",
      "        [0.1513, 0.1410, 0.1403, 0.1408, 0.1461, 0.1484, 0.1320],\n",
      "        [0.1517, 0.1469, 0.1381, 0.1386, 0.1428, 0.1483, 0.1337],\n",
      "        [0.1496, 0.1442, 0.1383, 0.1414, 0.1449, 0.1470, 0.1347]])\n",
      "tensor([0, 0, 0, 0])\n",
      "\n",
      "tensor([[0.1515, 0.1474, 0.1364, 0.1389, 0.1427, 0.1482, 0.1348],\n",
      "        [0.1515, 0.1441, 0.1392, 0.1367, 0.1460, 0.1473, 0.1352],\n",
      "        [0.1540, 0.1458, 0.1332, 0.1400, 0.1489, 0.1440, 0.1341],\n",
      "        [0.1507, 0.1443, 0.1370, 0.1395, 0.1435, 0.1487, 0.1362]])\n",
      "tensor([0, 0, 0, 0])\n",
      "\n",
      "tensor([[0.1518, 0.1468, 0.1358, 0.1370, 0.1445, 0.1473, 0.1368],\n",
      "        [0.1530, 0.1415, 0.1393, 0.1369, 0.1452, 0.1501, 0.1340],\n",
      "        [0.1518, 0.1453, 0.1360, 0.1409, 0.1444, 0.1483, 0.1335],\n",
      "        [0.1503, 0.1457, 0.1375, 0.1383, 0.1476, 0.1480, 0.1326]])\n",
      "tensor([0, 0, 0, 0])\n",
      "\n",
      "tensor([[0.1540, 0.1421, 0.1385, 0.1371, 0.1445, 0.1491, 0.1347],\n",
      "        [0.1508, 0.1455, 0.1372, 0.1400, 0.1443, 0.1483, 0.1338],\n",
      "        [0.1510, 0.1450, 0.1382, 0.1391, 0.1425, 0.1478, 0.1363],\n",
      "        [0.1531, 0.1408, 0.1415, 0.1381, 0.1450, 0.1499, 0.1315]])\n",
      "tensor([0, 0, 0, 0])\n",
      "\n",
      "tensor([[0.1510, 0.1444, 0.1392, 0.1376, 0.1454, 0.1483, 0.1341],\n",
